0.0253234,0.844268,0.130409,
0.0294349,0.953001,0.0175645,
0.0209978,0.870923,0.108079,
0.0806745,0.893651,0.0256745,
0.15803,0.745872,0.0960985,
0.0586546,0.752302,0.189044,
0.064207,0.864775,0.0710176,
0.128297,0.712014,0.159689,
0.404049,0.528393,0.0675574,
0.0919783,0.724088,0.183934,
0.0632277,0.911557,0.0252153,
0.0841548,0.85425,0.0615951,
0.0737777,0.904002,0.0222205,
0.151524,0.790043,0.0584328,
0.243301,0.736195,0.0205042,
0.0843751,0.913932,0.00169259,
0.119495,0.819631,0.0608741,
0.2403,0.579839,0.179861,
0.0841671,0.746783,0.16905,
0.00633712,0.807591,0.186072,
0.105563,0.810705,0.0837323,
0.10958,0.872418,0.0180019,
0.0412294,0.926363,0.0324073,
0.198091,0.722503,0.0794063,
0.0391168,0.857742,0.103141,
0.0826759,0.815298,0.102026,
0.113803,0.825498,0.0606993,
0.0134118,0.979751,0.00683742,
0.059437,0.87699,0.0635734,
0.0438247,0.934471,0.021704,
0.0257607,0.956102,0.0181377,
0.0130839,0.897938,0.088978,
0.0720212,0.915771,0.0122079,
0.0748052,0.886701,0.0384938,
0.0453532,0.780925,0.173722,
0.0156738,0.864309,0.120017,
0.0163234,0.957214,0.0264626,
0.0879533,0.84071,0.0713367,
0.0397847,0.942219,0.0179962,
0.0440411,0.886413,0.0695462,
0.105693,0.880201,0.0141069,
0.102601,0.745127,0.152272,
0.11674,0.796833,0.0864266,
0.106133,0.834537,0.0593296,
0.0178729,0.95829,0.0238373,
0.102144,0.890518,0.00733739,
0.0348601,0.896691,0.0684493,
0.0865221,0.910201,0.00327699,
0.0556637,0.866252,0.0780839,
0.0104562,0.919365,0.0701792,
0.0452678,0.871454,0.0832779,
0.0153054,0.95061,0.0340847,
0.0345204,0.877241,0.0882383,
0.0533816,0.905462,0.0411569,
0.20799,0.767015,0.0249957,
0.0894332,0.8377,0.072867,
0.0730113,0.904852,0.0221363,
0.218793,0.663036,0.118172,
0.00201641,0.975771,0.0222122,
0.0679627,0.898612,0.0334255,
0.108062,0.833137,0.0588009,
0.00601938,0.717846,0.276135,
0.215688,0.7254,0.0589115,
0.131013,0.85356,0.015427,
0.0673041,0.90623,0.0264661,
0.0975356,0.8985,0.00396416,
0.0701762,0.928578,0.00124586,
0.00682532,0.962312,0.0308627,
0.00162371,0.906883,0.0914934,
0.0113321,0.914302,0.0743656,
0.0291386,0.930042,0.0408192,
0.0075178,0.991495,0.000987127,
0.17596,0.692588,0.131452,
0.240558,0.656049,0.103393,
0.161432,0.820787,0.0177811,
0.0584604,0.859141,0.0823987,
0.0893915,0.78815,0.122459,
0.225018,0.704834,0.0701483,
0.354605,0.575933,0.0694614,
0.00443149,0.920786,0.0747824,
0.0112189,0.894277,0.0945039,
0.129314,0.774589,0.0960973,
0.00584852,0.991306,0.00284538,
0.151535,0.832284,0.0161813,
0.0749544,0.8465,0.0785459,
0.0876358,0.743676,0.168689,
0.0538017,0.906383,0.0398157,
0.103995,0.878494,0.0175103,
0.0019081,0.992083,0.00600935,
0.0696431,0.881714,0.0486426,
0.0220133,0.84131,0.136677,
0.0228506,0.976117,0.00103201,
0.0644453,0.831087,0.104468,
0.0413203,0.945872,0.0128078,
0.130687,0.826658,0.042655,
0.0930404,0.896615,0.010345,
0.0791415,0.88829,0.0325688,
0.0216668,0.914381,0.0639519,
0.017609,0.970618,0.0117731,
0.0676543,0.888533,0.043813,
0.111957,0.829325,0.0587182,
0.0723964,0.721496,0.206108,
0.0524472,0.843067,0.104486,
0.187536,0.770091,0.0423728,
0.298066,0.685002,0.0169325,
0.00543177,0.799091,0.195477,
0.0426177,0.897887,0.0594949,
0.399701,0.567569,0.0327302,
0.112821,0.885683,0.00149656,
0.159218,0.828748,0.0120343,
0.0254463,0.955645,0.0189087,
0.0394698,0.958171,0.002359,
0.197776,0.762868,0.0393559,
0.0419801,0.952007,0.00601339,
0.0107384,0.984782,0.00447944,
0.245086,0.65734,0.0975739,
0.0669666,0.73588,0.197154,
0.01945,0.960013,0.0205369,
0.0118606,0.977234,0.0109059,
0.0165785,0.794554,0.188868,
0.032998,0.929125,0.0378772,
0.160314,0.761934,0.0777512,
0.0257929,0.881849,0.0923584,
0.0686491,0.885778,0.045573,
0.0333902,0.881541,0.085069,
0.0161211,0.892495,0.0913838,
0.000166345,0.91978,0.0800537,
0.0316787,0.953642,0.014679,
0.0402171,0.874086,0.0856973,
0.108802,0.86222,0.0289782,
0.131791,0.819945,0.0482642,
0.152674,0.761994,0.085332,
0.000942082,0.939952,0.059106,
0.201262,0.795043,0.00369547,
0.0757017,0.889252,0.0350465,
0.0832873,0.906569,0.0101434,
0.0470059,0.8892,0.0637945,
0.034798,0.835593,0.129609,
0.262757,0.730757,0.00648597,
0.0141048,0.847154,0.138741,
0.0510244,0.868872,0.0801037,
0.119602,0.841982,0.0384165,
0.256245,0.69642,0.0473344,
0.0254378,0.930206,0.0443563,
0.0108096,0.906433,0.0827577,
0.00344749,0.941447,0.0551051,
0.0389723,0.821846,0.139182,
0.0326258,0.867952,0.0994226,
0.0672525,0.915532,0.0172152,
0.0315775,0.759159,0.209264,
0.0527564,0.830097,0.117146,
0.0470259,0.935147,0.0178273,
0.0236128,0.838051,0.138336,
0.130156,0.821395,0.0484493,
0.0440064,0.754783,0.201211,
0.0793377,0.90861,0.012052,
0.0141163,0.968123,0.0177609,
0.181444,0.790269,0.0282871,
0.244326,0.734236,0.0214379,
0.0168707,0.905744,0.0773856,
0.085809,0.77419,0.140001,
0.0478635,0.749766,0.20237,
0.249157,0.615053,0.13579,
0.173937,0.791789,0.0342741,
0.016438,0.964939,0.0186234,
0.12038,0.684938,0.194682,
0.15455,0.803591,0.0418583,
0.0755696,0.913934,0.0104963,
0.0523725,0.936045,0.0115829,
0.0233196,0.933869,0.0428113,
0.0157256,0.869604,0.11467,
0.210047,0.576339,0.213614,
0.0269008,0.948903,0.0241961,
0.152359,0.746541,0.101099,
0.00329806,0.89628,0.100422,
0.186084,0.784921,0.0289948,
0.0561997,0.935866,0.00793422,
0.0543526,0.85429,0.0913572,
0.160356,0.837517,0.00212659,
0.0695033,0.873364,0.0571327,
0.0587294,0.919731,0.0215393,
0.0042549,0.900807,0.0949379,
0.0816094,0.878813,0.0395777,
0.0603596,0.923184,0.0164562,
0.0964088,0.825752,0.0778393,
0.104214,0.79057,0.105216,
0.00536142,0.768063,0.226575,
0.0973471,0.868837,0.0338161,
0.275128,0.691215,0.0336572,
0.00321096,0.98747,0.0093195,
0.126318,0.704067,0.169615,
0.120129,0.850904,0.0289669,
0.0923663,0.878982,0.028652,
0.0136059,0.907073,0.0793213,
0.127094,0.870783,0.00212291,
0.135575,0.834433,0.0299916,
0.0434985,0.899015,0.0574869,
0.0121596,0.895764,0.092076,
0.130375,0.715704,0.153921,
0.045746,0.953778,0.000475846,
0.0774646,0.869307,0.053228,
0.00380232,0.95892,0.0372772,
0.00589799,0.883296,0.110806,
0.0110156,0.978603,0.0103816,
0.0239668,0.936785,0.0392484,
0.0799842,0.893414,0.0266015,
0.230374,0.76152,0.00810628,
0.158952,0.777237,0.0638105,
0.0241718,0.810161,0.165668,
0.0716156,0.916158,0.0122266,
0.0926152,0.827565,0.07982,
0.231074,0.766638,0.00228796,
0.0113141,0.937431,0.0512547,
0.0257913,0.955328,0.0188811,
0.136546,0.797014,0.0664395,
0.0133545,0.890551,0.096095,
0.0499003,0.927694,0.0224054,
0.269504,0.66845,0.0620466,
0.254927,0.743973,0.00110019,
0.0542681,0.65051,0.295222,
0.282499,0.608813,0.108688,
0.0609059,0.934246,0.00484812,
0.100393,0.808091,0.0915156,
0.0627029,0.910378,0.026919,
0.166053,0.807409,0.026538,
0.176643,0.822011,0.0013457,
0.176489,0.680186,0.143325,
0.101138,0.833504,0.0653585,
0.133821,0.86526,0.00091858,
0.0149377,0.814371,0.170691,
0.127093,0.866244,0.00666267,
0.022599,0.876288,0.101113,
0.229423,0.639281,0.131296,
0.113831,0.85841,0.0277599,
0.0590477,0.894126,0.0468261,
0.0675406,0.794006,0.138453,
0.0547824,0.888129,0.0570887,
0.00445678,0.940538,0.055005,
0.287985,0.575358,0.136656,
0.173067,0.71207,0.114864,
0.123764,0.706792,0.169445,
0.0801291,0.879104,0.0407668,
0.0818591,0.779581,0.13856,
0.0081059,0.943997,0.0478976,
0.05021,0.948631,0.0011591,
0.191655,0.797457,0.010888,
0.0983602,0.900546,0.00109428,
0.144485,0.849392,0.00612269,
0.0201291,0.871938,0.107933,
0.0122909,0.899616,0.088093,
0.0718018,0.854985,0.0732134,
0.0325984,0.778422,0.18898,
0.0423198,0.913723,0.0439573,
0.064374,0.895897,0.0397292,
0.0234876,0.970895,0.00561722,
0.0235493,0.886131,0.0903193,
0.0277038,0.958167,0.0141293,
0.00902859,0.961992,0.0289791,
0.0714833,0.917575,0.0109419,
0.0465957,0.708208,0.245196,
0.00469658,0.856108,0.139195,
0.0722048,0.915611,0.0121838,
0.0230368,0.967952,0.00901096,
0.0825487,0.860753,0.0566981,
0.109758,0.826832,0.0634095,
0.000442752,0.879984,0.119573,
0.113552,0.857213,0.0292349,
0.0387556,0.821419,0.139826,
0.021609,0.681865,0.296526,
0.0842711,0.837772,0.0779569,
0.029374,0.800566,0.17006,
0.281109,0.705507,0.0133837,
0.107719,0.84873,0.0435505,
0.134263,0.541443,0.324293,
0.03141,0.927941,0.0406494,
0.0248206,0.926971,0.0482088,
0.0280325,0.955289,0.0166784,
0.00375469,0.882143,0.114102,
0.243189,0.731442,0.0253687,
0.0390723,0.952216,0.008712,
0.0029382,0.883363,0.113699,
0.0860439,0.870518,0.0434378,
0.0957056,0.786536,0.117759,
0.133551,0.729815,0.136635,
0.0328707,0.771757,0.195373,
0.180147,0.771034,0.0488187,
0.0509022,0.892738,0.0563594,
0.00660997,0.986821,0.00656953,
0.213767,0.732439,0.053794,
0.126701,0.859129,0.01417,
0.0777407,0.861919,0.0603401,
0.15117,0.740246,0.108584,
0.0193679,0.772944,0.207688,
0.333158,0.520383,0.146458,
0.0178559,0.931709,0.0504353,
0.00932056,0.955855,0.0348245,
0.018737,0.973717,0.00754565,
0.00993816,0.855466,0.134596,
0.298829,0.685799,0.015372,
0.0867092,0.887197,0.0260933,
0.0742821,0.918667,0.00705126,
0.114949,0.795364,0.0896874,
0.00082947,0.812623,0.186548,
0.227831,0.760432,0.0117365,
0.0365344,0.788837,0.174629,
0.131909,0.611221,0.256871,
0.0460621,0.825198,0.12874,
0.197057,0.786787,0.0161559,
0.0734045,0.820512,0.106083,
0.0681495,0.862697,0.0691533,
0.0594719,0.779057,0.161471,
0.110749,0.831905,0.0573468,
0.136336,0.834247,0.029417,
0.01757,0.863873,0.118557,
0.078187,0.872207,0.0496063,
0.0836004,0.665646,0.250753,
0.0438542,0.879904,0.0762419,
0.166505,0.751499,0.0819964,
0.0107632,0.828006,0.161231,
0.0920361,0.879241,0.0287226,
0.0827675,0.699473,0.21776,
0.00801276,0.986824,0.00516279,
0.0390553,0.776164,0.184781,
0.0489938,0.865158,0.0858484,
0.0525245,0.895361,0.0521143,
0.145415,0.833494,0.0210901,
0.10696,0.848902,0.0441383,
0.0918597,0.899978,0.00816272,
0.00393366,0.985849,0.0102173,
0.03772,0.932084,0.0301956,
0.0351032,0.747262,0.217635,
0.237026,0.730257,0.032717,
0.217467,0.572986,0.209547,
0.120129,0.715992,0.163878,
0.0522895,0.706664,0.241046,
0.0808089,0.847825,0.0713658,
0.186588,0.779614,0.0337979,
0.197964,0.739224,0.0628117,
0.0339748,0.947199,0.0188262,
0.120821,0.862427,0.0167511,
0.0158949,0.975321,0.00878417,
0.0759879,0.899371,0.0246413,
0.122993,0.662672,0.214335,
0.08069,0.902977,0.0163333,
0.0390878,0.949725,0.0111873,
0.0363997,0.941071,0.0225297,
0.0905679,0.801051,0.108381,
0.059236,0.732147,0.208617,
0.0424508,0.90961,0.0479391,
0.118233,0.785421,0.0963469,
0.0705172,0.711393,0.21809,
0.0168477,0.852088,0.131064,
0.0552613,0.935388,0.0093511,
0.221286,0.714677,0.0640362,
0.0325559,0.944956,0.0224878,
0.0910821,0.829601,0.0793171,
0.0993933,0.899047,0.00156019,
0.00435513,0.905179,0.0904663,
0.016909,0.968593,0.0144984,
0.0647222,0.825695,0.109582,
0.0376406,0.75933,0.203029,
0.0547579,0.92974,0.0155018,
0.0313605,0.967707,0.000932187,
0.0408016,0.956241,0.00295694,
0.127377,0.852744,0.0198784,
0.0847246,0.839181,0.0760945,
0.142118,0.854226,0.00365522,
0.0929932,0.877753,0.0292538,
0.102451,0.850458,0.0470913,
0.00751695,0.939565,0.052918,
0.0273694,0.9552,0.0174304,
0.183685,0.717207,0.099109,
0.0114678,0.987689,0.000843221,
0.0372882,0.951909,0.0108031,
0.0385162,0.897951,0.0635324,
0.235291,0.712012,0.0526977,
0.0222333,0.893894,0.0838731,
0.0409225,0.9414,0.0176776,
0.0187434,0.895583,0.0856738,
0.0433074,0.952816,0.00387634,
0.0503086,0.686927,0.262764,
0.0774707,0.782273,0.140257,
0.00727485,0.966255,0.0264699,
0.00739194,0.984955,0.0076531,
0.0198021,0.935551,0.0446466,
0.147083,0.824857,0.0280605,
0.077777,0.822106,0.100117,
0.022016,0.820092,0.157892,
0.142973,0.850975,0.00605216,
0.00146435,0.872389,0.126146,
0.0645156,0.824708,0.110777,
0.0644166,0.666927,0.268656,
0.136259,0.815858,0.0478831,
0.0106184,0.914982,0.0743996,
0.200954,0.724227,0.0748188,
0.0227357,0.975545,0.00171951,
0.0632384,0.79495,0.141812,
0.0547311,0.85676,0.0885092,
0.0936011,0.871569,0.0348302,
0.0428534,0.865208,0.0919387,
0.0119409,0.931427,0.0566325,
0.0236446,0.8497,0.126655,
0.186907,0.781709,0.0313844,
0.0775825,0.87192,0.0504978,
0.0611765,0.928533,0.0102909,
0.00098086,0.97583,0.0231893,
0.0969112,0.880446,0.0226424,
0.123897,0.860115,0.015988,
0.203535,0.786599,0.00986591,
0.14933,0.805478,0.0451914,
0.116127,0.839936,0.0439375,
0.163384,0.795313,0.0413032,
0.0162713,0.88915,0.094579,
0.0175428,0.900209,0.0822479,
0.0626577,0.895177,0.0421653,
0.030002,0.912368,0.0576301,
0.161787,0.805959,0.0322543,
0.174999,0.794046,0.0309554,
0.0470288,0.94552,0.00745153,
0.087608,0.902431,0.00996128,
0.103698,0.834693,0.0616091,
0.100877,0.782458,0.116665,
0.0633652,0.787938,0.148697,
0.0143056,0.972997,0.0126975,
0.0779996,0.711915,0.210086,
0.0969898,0.902087,0.000923225,
0.197241,0.74508,0.0576781,
0.00809842,0.887645,0.104256,
0.161978,0.64724,0.190782,
0.0348343,0.959487,0.00567894,
0.0120137,0.979667,0.00831886,
0.0483457,0.810345,0.14131,
0.0189426,0.957011,0.024046,
0.181535,0.759176,0.0592891,
0.22039,0.766093,0.0135167,
0.117812,0.84598,0.0362073,
0.00967006,0.949157,0.0411734,
0.0036177,0.941773,0.0546094,
0.0499219,0.861737,0.0883411,
0.0243299,0.939009,0.0366611,
0.135758,0.824535,0.0397065,
0.134523,0.809759,0.0557183,
0.0381965,0.811391,0.150412,
0.0265596,0.936731,0.0367096,
0.0273581,0.957031,0.0156109,
0.0166778,0.862998,0.120324,
0.0614143,0.804521,0.134064,
0.0207043,0.803636,0.17566,
0.0429642,0.944966,0.01207,
0.058483,0.924871,0.0166464,
0.108578,0.870297,0.021125,
0.070783,0.878879,0.050338,
0.10919,0.712809,0.178001,
0.0558829,0.943776,0.000340687,
0.164645,0.809536,0.0258191,
0.0175896,0.60516,0.377251,
0.203986,0.746875,0.0491388,
0.0194319,0.978411,0.00215729,
0.360536,0.612872,0.0265922,
0.0325895,0.892957,0.0744537,
0.05688,0.889213,0.053907,
0.0483963,0.915862,0.0357417,
0.00125716,0.989417,0.00932579,
0.0746314,0.700432,0.224937,
0.00799083,0.986421,0.00558827,
0.0991482,0.757589,0.143263,
0.0484265,0.907963,0.0436109,
0.179259,0.746473,0.0742684,
0.0147605,0.695469,0.289771,
0.0447408,0.945234,0.0100257,
0.173701,0.707289,0.11901,
0.0449309,0.918871,0.0361977,
0.0484714,0.939999,0.0115298,
0.046364,0.943011,0.0106246,
0.00241363,0.899173,0.0984139,
0.0865191,0.897861,0.0156202,
0.115123,0.622427,0.26245,
0.118444,0.850481,0.0310752,
0.0103339,0.915487,0.0741787,
0.176854,0.646152,0.176994,
0.0516168,0.835495,0.112889,
0.0254356,0.968297,0.00626704,
0.0726702,0.909572,0.0177573,
0.0148295,0.95864,0.0265307,
0.0340913,0.923773,0.0421354,
0.156057,0.742745,0.101198,
0.0841976,0.871362,0.0444409,
0.0586539,0.834408,0.106938,
0.0795354,0.917492,0.00297274,
0.0155362,0.964414,0.0200499,
0.150992,0.691483,0.157525,
0.0226373,0.975942,0.00142027,
0.017274,0.766828,0.215898,
0.0671798,0.92422,0.00860041,
0.00170987,0.936003,0.0622871,
0.00873999,0.935881,0.0553794,
0.268425,0.623608,0.107967,
0.105067,0.747267,0.147666,
0.0427767,0.936021,0.0212026,
0.0284596,0.921529,0.0500114,
0.0673895,0.82687,0.105741,
0.142188,0.725161,0.132651,
0.120405,0.563523,0.316072,
0.0370842,0.709369,0.253547,
0.0332782,0.869302,0.0974202,
0.116961,0.849327,0.033712,
0.194827,0.788422,0.0167513,
0.00864223,0.979865,0.0114923,
0.0134357,0.93948,0.0470845,
0.0388304,0.937473,0.0236969,
0.10768,0.801068,0.0912522,
0.146074,0.786545,0.0673807,
0.0265872,0.960044,0.0133687,
0.0293426,0.808209,0.162448,
0.0246937,0.921388,0.0539184,
0.187387,0.799169,0.0134435,
0.0883797,0.881424,0.0301958,
0.0060552,0.91873,0.0752151,
0.211424,0.772646,0.01593,
0.0759167,0.913079,0.0110039,
0.216947,0.751507,0.0315458,
0.0878232,0.725835,0.186342,
0.00115163,0.934192,0.0646562,
0.0694111,0.886101,0.0444877,
0.00411842,0.948302,0.0475798,
0.0749271,0.908443,0.01663,
0.0555145,0.906106,0.038379,
0.201979,0.787636,0.0103856,
0.117911,0.834999,0.0470907,
0.0511349,0.784251,0.164614,
0.14196,0.63164,0.2264,
0.120079,0.778371,0.101549,
0.0373301,0.913524,0.0491456,
0.260636,0.712355,0.0270091,
0.0082257,0.961938,0.0298366,
0.0585166,0.903506,0.0379774,
0.0923422,0.841178,0.0664799,
0.0205292,0.897621,0.0818497,
0.0583924,0.867514,0.0740939,
0.114276,0.866173,0.0195508,
0.0966543,0.844207,0.0591388,
0.0167508,0.86192,0.121329,
0.108758,0.872798,0.0184433,
0.0989661,0.847735,0.0532989,
0.0131032,0.93121,0.0556872,
0.0833913,0.874248,0.0423604,
0.076647,0.9073,0.0160526,
0.0459221,0.952353,0.00172443,
0.0699022,0.889872,0.0402253,
0.088563,0.767065,0.144372,
0.0767716,0.717821,0.205407,
0.0479409,0.92096,0.0310987,
0.174245,0.7799,0.0458552,
0.173158,0.786738,0.0401046,
0.0278256,0.863975,0.108199,
0.0554469,0.737252,0.207301,
0.0221673,0.973624,0.00420873,
0.1847,0.644508,0.170792,
0.0960298,0.838864,0.0651066,
0.0956349,0.861475,0.0428905,
0.168785,0.805901,0.0253139,
0.0136782,0.863303,0.123019,
0.00157551,0.996122,0.0023022,
0.0736961,0.826515,0.099789,
0.151927,0.845705,0.00236759,
0.20557,0.72789,0.0665399,
0.155648,0.714511,0.129841,
0.00751786,0.737522,0.25496,
0.297285,0.650745,0.0519705,
0.0535069,0.834494,0.111999,
0.078587,0.915541,0.00587164,
0.29613,0.65833,0.0455393,
0.0618845,0.794087,0.144028,
0.222546,0.774254,0.00319917,
0.00641512,0.775545,0.21804,
0.00801509,0.917265,0.0747204,
0.0717813,0.918889,0.00932959,
0.0254623,0.906304,0.0682339,
0.131001,0.839914,0.0290844,
0.100838,0.886477,0.0126858,
0.0850669,0.889449,0.0254838,
0.00439496,0.973567,0.0220385,
0.107818,0.787169,0.105013,
0.0240515,0.941336,0.0346125,
0.115506,0.764756,0.119738,
0.101194,0.890404,0.00840135,
0.00145357,0.936031,0.0625156,
0.148646,0.775551,0.0758024,
0.0872522,0.897892,0.0148555,
0.063945,0.934735,0.00132039,
0.0251761,0.950749,0.0240752,
0.189107,0.731268,0.0796256,
0.0924761,0.803081,0.104443,
0.124828,0.811462,0.0637096,
0.0261825,0.944993,0.028825,
0.109114,0.843536,0.0473503,
0.0722061,0.908578,0.0192161,
0.0292965,0.968707,0.0019964,
0.085297,0.900119,0.0145844,
0.053428,0.820769,0.125802,
0.0294026,0.833454,0.137143,
0.0874607,0.826196,0.0863432,
0.0353891,0.888644,0.0759669,
0.149951,0.844873,0.00517661,
0.113565,0.805843,0.0805918,
0.0662323,0.842723,0.0910446,
0.00254048,0.872948,0.124512,
0.0845607,0.797941,0.117498,
0.041338,0.927875,0.0307874,
0.0363596,0.952034,0.011606,
0.0449131,0.943056,0.0120313,
0.0832661,0.855394,0.0613395,
0.00231848,0.870893,0.126789,
0.0685291,0.807415,0.124055,
0.137162,0.857613,0.00522419,
0.0807886,0.778451,0.14076,
0.0564027,0.788248,0.15535,
0.00850605,0.962607,0.0288874,
0.141777,0.796646,0.061577,
0.124089,0.859821,0.0160898,
0.0340253,0.833177,0.132798,
0.0902216,0.784162,0.125617,
0.0728835,0.911043,0.0160731,
0.00065714,0.886672,0.112671,
0.0301792,0.811656,0.158164,
0.0341692,0.910845,0.0549857,
0.0200393,0.928598,0.0513625,
0.0965422,0.876055,0.0274025,
0.210697,0.612612,0.176691,
0.264253,0.698466,0.0372808,
0.0254524,0.675932,0.298615,
0.125146,0.657762,0.217091,
0.111585,0.669096,0.21932,
0.0454852,0.897141,0.0573743,
0.106467,0.83827,0.0552631,
0.0710957,0.792491,0.136413,
0.0371234,0.886562,0.0763148,
0.0291694,0.839537,0.131293,
0.136144,0.783878,0.0799784,
0.0324183,0.80136,0.166221,
0.0792226,0.842145,0.0786325,
0.146978,0.797108,0.0559144,
0.413344,0.584424,0.00223127,
0.0379656,0.86077,0.101264,
0.0613074,0.777677,0.161016,
0.0117819,0.967894,0.0203239,
0.0799543,0.836431,0.0836149,
0.374708,0.583113,0.0421787,
0.0232623,0.962709,0.0140283,
0.103908,0.810221,0.0858705,
0.0612541,0.793136,0.14561,
0.248548,0.744635,0.00681765,
0.270836,0.687094,0.0420697,
0.0113455,0.917822,0.070832,
0.114629,0.797042,0.0883285,
0.00992694,0.974838,0.0152354,
0.049207,0.479024,0.471769,
0.0376373,0.94988,0.0124829,
0.0605337,0.93016,0.0093067,
0.0313118,0.950135,0.0185533,
0.161716,0.734812,0.103472,
0.0668838,0.86103,0.0720865,
0.00355715,0.964174,0.0322691,
0.0330744,0.889952,0.0769734,
0.0601301,0.927971,0.0118994,
0.21492,0.718525,0.0665546,
0.00116089,0.963606,0.035233,
0.0329024,0.932486,0.0346114,
0.0445382,0.88965,0.0658119,
0.149279,0.785906,0.0648146,
0.120074,0.787792,0.0921344,
0.0455329,0.844721,0.109746,
0.139918,0.811616,0.0484659,
0.164264,0.589378,0.246358,
0.000945573,0.898071,0.100983,
0.00975973,0.974151,0.0160894,
0.00789221,0.972391,0.0197172,
0.0510334,0.898882,0.0500847,
0.0115149,0.894878,0.0936072,
0.0987046,0.857447,0.0438483,
0.185625,0.783346,0.0310287,
0.109602,0.888452,0.00194628,
0.117646,0.823018,0.0593366,
0.0182662,0.975215,0.006519,
0.0821587,0.793832,0.124009,
0.111629,0.851374,0.0369973,
0.102902,0.861666,0.0354317,
0.154108,0.821069,0.0248229,
0.339442,0.59106,0.0694982,
0.00213322,0.972524,0.0253425,
0.122381,0.719573,0.158047,
0.0203655,0.88822,0.0914148,
0.0221355,0.887459,0.0904051,
0.149042,0.789322,0.0616351,
0.043806,0.926053,0.0301406,
0.00614199,0.948211,0.0456473,
0.000475956,0.830613,0.168911,
0.0496385,0.861208,0.0891538,
0.00132498,0.833175,0.1655,
0.200418,0.718707,0.080875,
0.119818,0.798396,0.0817856,
0.10903,0.829012,0.061958,
0.0294628,0.840635,0.129902,
0.146829,0.839565,0.0136066,
0.05931,0.931354,0.00933611,
0.0529181,0.896799,0.0502833,
0.00740415,0.982053,0.0105428,
0.00705746,0.916294,0.0766484,
0.0516711,0.933516,0.0148125,
0.0798663,0.898372,0.0217613,
0.055072,0.938645,0.0062833,
0.0590604,0.886171,0.0547689,
0.0977545,0.767912,0.134333,
0.104161,0.875225,0.0206138,
0.158631,0.76609,0.0752791,
0.146858,0.751067,0.102075,
0.111616,0.8683,0.0200842,
0.0620449,0.83465,0.103305,
0.0199878,0.856475,0.123537,
0.110207,0.809438,0.0803559,
0.0464986,0.868386,0.085115,
0.0413663,0.754961,0.203673,
0.0477668,0.9173,0.0349334,
0.0016819,0.97044,0.0278782,
0.0062338,0.874453,0.119314,
0.342413,0.655702,0.001885,
0.0334424,0.960585,0.00597304,
0.0729173,0.801735,0.125348,
0.0419762,0.945313,0.0127103,
0.00882928,0.814123,0.177047,
0.129002,0.764186,0.106812,
0.13684,0.836104,0.027056,
0.00455784,0.915494,0.0799484,
0.0876623,0.863721,0.0486172,
0.0603932,0.912664,0.0269424,
0.0819769,0.811727,0.106296,
0.00546761,0.801761,0.192771,
0.0508569,0.678075,0.271068,
0.0667153,0.93139,0.00189416,
0.125253,0.756376,0.118371,
0.00544848,0.958364,0.0361877,
0.119121,0.822072,0.0588067,
0.182532,0.790253,0.0272151,
0.00514733,0.862716,0.132137,
0.0347425,0.945786,0.0194718,
0.0131542,0.979066,0.00778024,
0.203315,0.780057,0.0166283,
0.106246,0.862934,0.0308206,
0.0202632,0.932719,0.047018,
0.128378,0.684043,0.187579,
0.322666,0.650325,0.0270087,
0.0029723,0.892964,0.104064,
0.00460061,0.955185,0.0402142,
0.252483,0.668066,0.0794506,
0.0576184,0.93324,0.00914141,
0.0548046,0.749581,0.195615,
0.18506,0.756702,0.0582381,
0.243653,0.71056,0.0457868,
0.0019367,0.994429,0.00363463,
0.00444386,0.964538,0.0310179,
0.185517,0.796038,0.0184448,
0.00497175,0.953849,0.0411787,
0.0528596,0.770578,0.176563,
0.178034,0.737479,0.0844868,
0.0741393,0.832126,0.0937347,
0.21913,0.70351,0.07736,
0.0128325,0.896207,0.0909604,
0.022215,0.925148,0.0526371,
0.0459566,0.919589,0.0344546,
0.0520665,0.92219,0.0257433,
0.00227934,0.922851,0.0748699,
0.172545,0.775194,0.0522612,
0.0934636,0.849406,0.0571299,
0.089457,0.880632,0.0299109,
0.0109399,0.978785,0.0102755,
0.0458516,0.818764,0.135385,
0.322503,0.664826,0.0126712,
0.165893,0.804659,0.0294482,
0.0219245,0.918877,0.0591985,
0.018483,0.951516,0.0300005,
0.0139424,0.81641,0.169648,
0.100582,0.763248,0.13617,
0.0535482,0.897421,0.0490309,
0.0442078,0.91364,0.0421524,
0.0227332,0.907896,0.0693711,
0.141076,0.638423,0.220501,
0.125909,0.753174,0.120917,
0.293559,0.641506,0.0649351,
0.126333,0.818093,0.0555746,
0.0585381,0.801609,0.139853,
0.079159,0.768581,0.15226,
0.00467552,0.927232,0.0680929,
0.0385606,0.92282,0.0386196,
0.00146102,0.904637,0.0939021,
0.0264155,0.865518,0.108067,
0.10605,0.892671,0.00127898,
0.0253273,0.923729,0.0509432,
0.179051,0.783104,0.037845,
0.0278056,0.879301,0.0928936,
0.00404144,0.810815,0.185144,
0.00929856,0.936535,0.0541669,
0.13625,0.764142,0.0996078,
0.0647242,0.930745,0.00453085,
0.03075,0.761667,0.207583,
0.240795,0.752457,0.00674809,
0.000596954,0.996628,0.00277529,
0.0618108,0.879023,0.0591667,
0.0640795,0.893548,0.0423726,
0.125368,0.795976,0.0786559,
0.141025,0.853389,0.00558592,
0.0398118,0.941113,0.0190751,
0.197747,0.729453,0.0728004,
0.00618357,0.950173,0.0436433,
0.00791186,0.943174,0.048914,
0.0144261,0.865364,0.12021,
0.148904,0.765968,0.0851279,
0.053762,0.913016,0.0332225,
0.0988269,0.753216,0.147957,
0.00228359,0.506996,0.490721,
0.0269997,0.841655,0.131346,
0.0213397,0.973956,0.00470417,
0.0243399,0.860994,0.114666,
0.0700951,0.925948,0.00395673,
0.0445122,0.896282,0.0592056,
0.125922,0.764538,0.10954,
0.0112977,0.910732,0.0779706,
0.280788,0.704078,0.0151343,
0.0643712,0.891972,0.0436568,
0.175186,0.726977,0.0978371,
0.0213367,0.815222,0.163442,
0.148538,0.749854,0.101608,
0.01766,0.931875,0.0504649,
0.0583936,0.890988,0.0506186,
0.00322882,0.717993,0.278778,
0.0797983,0.906132,0.0140701,
0.0266654,0.902801,0.0705332,
0.12783,0.747954,0.124216,
0.0710664,0.846739,0.0821951,
0.156644,0.731309,0.112047,
0.0163765,0.854108,0.129515,
0.301917,0.646338,0.0517449,
0.0440293,0.895568,0.060403,
0.139538,0.820191,0.0402717,
0.00322342,0.952037,0.0447395,
0.0128193,0.892286,0.0948952,
0.0235605,0.851538,0.124901,
0.0157324,0.916046,0.0682211,
0.141649,0.768549,0.0898019,
0.137905,0.809581,0.0525147,
0.0172592,0.982417,0.000323602,
0.166007,0.813128,0.0208652,
0.0354398,0.809076,0.155484,
0.033304,0.942492,0.024204,
0.109714,0.853751,0.036535,
0.196336,0.705367,0.0982976,
0.0433402,0.861709,0.0949504,
0.0369625,0.958578,0.00445912,
0.0380279,0.892854,0.0691181,
0.102368,0.87982,0.0178125,
0.172971,0.772548,0.0544817,
0.00511731,0.965717,0.0291659,
0.0209429,0.758745,0.220312,
0.00151858,0.840087,0.158394,
0.0374023,0.915233,0.0473651,
0.0294509,0.789945,0.180604,
0.0948732,0.866562,0.0385652,
0.102356,0.884472,0.0131728,
0.0403538,0.887215,0.0724311,
0.0860971,0.913378,0.000524981,
0.144754,0.823398,0.0318477,
0.0238577,0.722484,0.253658,
0.0925583,0.791677,0.115765,
0.284098,0.705787,0.0101146,
0.137507,0.844121,0.0183725,
0.0289347,0.82345,0.147615,
0.208202,0.790507,0.00129164,
0.021133,0.957347,0.0215199,
0.0458622,0.831918,0.12222,
0.0593175,0.927188,0.0134944,
0.0710698,0.867268,0.0616626,
0.0326352,0.866289,0.101076,
0.0675923,0.892181,0.0402262,
0.239372,0.750996,0.00963207,
0.177139,0.803221,0.0196405,
0.0345303,0.915024,0.0504457,
0.0206651,0.96565,0.0136852,
0.0310525,0.860567,0.10838,
0.0879438,0.800952,0.111104,
0.00618055,0.888635,0.105185,
0.114946,0.837839,0.0472151,
0.0388308,0.927698,0.0334712,
0.0542543,0.867524,0.0782221,
0.248122,0.727888,0.0239901,
0.000249949,0.99337,0.00638017,
0.0929917,0.845697,0.0613113,
0.0818833,0.857686,0.0604307,
0.0816128,0.863766,0.0546209,
0.0474602,0.881362,0.0711773,
0.0403419,0.95529,0.00436779,
0.197358,0.762188,0.0404545,
0.0273837,0.966293,0.00632308,
0.0204623,0.817546,0.161992,
0.252641,0.71822,0.0291386,
0.0281562,0.963126,0.00871827,
0.0311205,0.872546,0.0963339,
0.0513974,0.752642,0.19596,
0.0687142,0.852692,0.0785939,
0.0387845,0.812208,0.149008,
0.0241209,0.920926,0.0549527,
0.0480936,0.913827,0.0380795,
0.0482414,0.889642,0.0621163,
0.179642,0.745482,0.0748757,
0.0558611,0.850726,0.0934124,
0.081391,0.897048,0.0215609,
0.057035,0.803777,0.139187,
0.176863,0.685464,0.137672,
0.0462822,0.836218,0.1175,
0.0262962,0.811875,0.161829,
0.0318711,0.955416,0.0127126,
0.0582964,0.771251,0.170452,
0.071085,0.91391,0.0150052,
0.0091928,0.867618,0.123189,
0.0730876,0.885845,0.0410673,
0.0892169,0.804689,0.106095,
0.094558,0.861442,0.044,
0.149235,0.814661,0.0361038,
0.04558,0.916202,0.0382184,
0.0109551,0.934118,0.054927,
0.0337523,0.901216,0.0650316,
0.00545851,0.991142,0.00339916,
0.0603531,0.920448,0.0191991,
0.0654342,0.932543,0.00202251,
0.0282317,0.964861,0.00690759,
0.101205,0.855988,0.0428067,
0.115607,0.872503,0.0118899,
0.0186633,0.889197,0.0921395,
0.0559872,0.802482,0.141531,
0.00228119,0.947852,0.0498673,
0.0854609,0.859289,0.0552499,
0.0260419,0.811095,0.162864,
0.0771717,0.848054,0.0747742,
0.0133772,0.931641,0.0549813,
0.0997747,0.892228,0.00799715,
0.0136255,0.949705,0.0366698,
0.0922482,0.66008,0.247672,
0.0986879,0.822265,0.0790467,
0.0377115,0.91741,0.0448781,
0.0507458,0.939233,0.0100211,
0.178494,0.809465,0.0120407,
0.0557978,0.855586,0.0886162,
0.152783,0.809477,0.0377402,
0.14539,0.852874,0.00173661,
0.0238197,0.939975,0.0362051,
0.0800557,0.869699,0.0502452,
0.146706,0.841532,0.0117617,
0.00764082,0.951417,0.0409419,
0.0230209,0.897627,0.079352,
0.0150307,0.918952,0.066017,
0.0769537,0.881692,0.0413546,
0.029518,0.813864,0.156618,
0.166382,0.717257,0.116361,
0.134865,0.812321,0.0528136,
0.163538,0.829871,0.00659111,
0.0959832,0.850629,0.0533883,
0.0156748,0.705749,0.278576,
0.200119,0.750739,0.0491422,
0.189105,0.682137,0.128758,
0.0483043,0.933526,0.0181697,
0.0535437,0.87309,0.0733658,
0.0301278,0.868738,0.101134,
0.0586142,0.86608,0.0753057,
0.105853,0.863981,0.030166,
0.0443925,0.929537,0.0260709,
0.0131217,0.497579,0.489299,
0.120891,0.778988,0.10012,
0.0998165,0.704139,0.196044,
0.00235372,0.844315,0.153331,
0.00326574,0.764248,0.232486,
0.103364,0.681359,0.215278,
0.0152085,0.964975,0.0198161,
0.141394,0.850888,0.0077179,
0.0314985,0.722258,0.246244,
0.0393143,0.940085,0.0206009,
0.0721399,0.892682,0.0351778,
0.212661,0.785106,0.00223271,
0.0164442,0.788901,0.194654,
0.00731233,0.880502,0.112185,
0.106299,0.835108,0.0585934,
0.107887,0.861417,0.0306962,
0.0560608,0.918869,0.02507,
0.154774,0.834705,0.0105202,
0.0106424,0.96969,0.0196681,
0.0693373,0.735652,0.195011,
0.00604233,0.943191,0.0507663,
0.0373905,0.942236,0.0203737,
0.052438,0.889179,0.0583829,
0.0808066,0.870951,0.0482423,
0.0512768,0.911135,0.0375881,
0.00278067,0.942629,0.0545899,
9.22994e-05,0.85899,0.140918,
0.128873,0.847218,0.0239093,
0.214051,0.673016,0.112934,
0.114763,0.874956,0.0102806,
0.0664229,0.837371,0.0962056,
0.0217266,0.935441,0.0428329,
0.0110297,0.90997,0.0790005,
0.182048,0.754127,0.0638251,
0.13517,0.785854,0.0789757,
0.0157719,0.929585,0.0546428,
0.00399896,0.859373,0.136628,
0.200579,0.783522,0.0158986,
0.039129,0.834472,0.126399,
0.0730226,0.842069,0.0849081,
0.120945,0.824246,0.0548083,
0.0189461,0.96309,0.0179636,
0.304166,0.689847,0.00598692,
0.0548383,0.901893,0.043269,
0.0293473,0.917165,0.0534877,
0.0399914,0.889606,0.0704026,
0.0350629,0.890173,0.0747641,
0.0808873,0.72853,0.190583,
0.347793,0.632083,0.0201235,
0.00680131,0.876573,0.116626,
0.0409279,0.751371,0.207701,
0.0116895,0.827975,0.160335,
0.121069,0.853225,0.0257065,
0.138952,0.843631,0.0174167,
0.152716,0.818242,0.0290421,
0.0267541,0.854696,0.11855,
0.120642,0.873457,0.00590147,
0.0150633,0.978301,0.006636,
0.025898,0.923793,0.0503087,
0.00442421,0.960662,0.0349138,
0.252221,0.59967,0.148108,
0.0288032,0.921991,0.0492056,
0.270238,0.623856,0.105906,
0.00827302,0.840802,0.150925,
0.0996758,0.829449,0.0708749,
0.126257,0.869701,0.00404238,
0.231585,0.738478,0.0299365,
0.0445121,0.951166,0.00432184,
0.00480492,0.850083,0.145112,
0.1114,0.870747,0.0178531,
0.00264268,0.965808,0.0315498,
0.068565,0.814619,0.116816,
0.0712073,0.784529,0.144264,
0.0984242,0.863694,0.0378819,
0.283571,0.703676,0.0127534,
0.0540841,0.933627,0.0122891,
0.0937354,0.903859,0.00240542,
0.197123,0.800151,0.0027252,
0.0295817,0.931441,0.0389771,
0.0595617,0.61721,0.323228,
0.0234787,0.946364,0.0301573,
0.0302403,0.959686,0.0100734,
0.10613,0.814058,0.0798116,
0.0408942,0.919813,0.0392928,
0.232584,0.685897,0.0815191,
0.0491716,0.863147,0.0876809,
0.021134,0.940777,0.0380885,
0.0291783,0.92587,0.0449521,
0.0133661,0.836599,0.150035,
0.0436349,0.608588,0.347778,
0.141236,0.771958,0.0868054,
0.0135806,0.948762,0.0376575,
0.0493887,0.876316,0.074295,
0.0113545,0.953501,0.0351448,
0.035124,0.90798,0.0568962,
0.0540679,0.924541,0.0213915,
0.16958,0.723868,0.106552,
0.0464271,0.931425,0.0221476,
0.188132,0.78254,0.0293272,
0.246439,0.74115,0.0124109,
0.0445393,0.93863,0.0168311,
0.119653,0.670596,0.20975,
0.0402941,0.908335,0.0513712,
0.151379,0.814444,0.0341779,
0.0438342,0.921525,0.0346413,
0.162767,0.68363,0.153602,
0.0829662,0.913152,0.00388145,
0.0261042,0.831052,0.142844,
0.0752591,0.83844,0.0863005,
0.0279475,0.814462,0.157591,
0.112168,0.800966,0.0868659,
0.123797,0.831752,0.044451,
0.133226,0.83286,0.0339138,
0.0806205,0.914748,0.00463111,
0.084336,0.796973,0.118691,
0.227615,0.762807,0.00957845,
0.079866,0.911094,0.00903992,
0.132501,0.65052,0.216979,
0.0228259,0.856326,0.120848,
0.0410933,0.947331,0.0115758,
0.143021,0.837882,0.0190969,
0.0458308,0.932393,0.0217766,
0.100726,0.850421,0.0488535,
0.0161726,0.903788,0.0800394,
0.0270658,0.92205,0.0508842,
0.0628328,0.90496,0.0322069,
0.123247,0.816952,0.0598004,
0.0107054,0.851442,0.137852,
0.253356,0.698707,0.0479378,
0.20194,0.669023,0.129038,
0.00703869,0.949122,0.0438396,
0.14017,0.83245,0.0273799,
0.0613449,0.820251,0.118404,
0.100098,0.837971,0.0619308,
0.0980551,0.901144,0.000800621,
0.00802573,0.965725,0.026249,
0.0207557,0.909329,0.0699149,
0.00854809,0.819929,0.171523,
0.171422,0.683831,0.144748,
0.108002,0.862885,0.0291128,
0.145558,0.754854,0.0995872,
0.0732531,0.873883,0.0528642,
0.0219355,0.7742,0.203864,
0.00913931,0.942835,0.0480257,
0.0263251,0.842319,0.131356,
0.0566874,0.927371,0.0159418,
0.222864,0.676297,0.10084,
0.10668,0.84596,0.04736,
0.0300172,0.896934,0.0730484,
0.00722216,0.935583,0.0571951,
0.180986,0.714588,0.104427,
0.10122,0.730846,0.167934,
0.0507594,0.693471,0.255769,
0.0364953,0.920307,0.0431975,
0.0278226,0.964604,0.00757304,
0.000850057,0.931075,0.0680754,
0.0957361,0.805281,0.0989832,
0.162518,0.632744,0.204737,
0.0904722,0.829682,0.0798463,
0.164058,0.738831,0.0971109,
0.00844034,0.991413,0.0001462,
0.291546,0.699562,0.00889245,
0.358207,0.625239,0.0165544,
0.155663,0.828411,0.0159258,
0.0275676,0.962341,0.0100914,
0.0188396,0.935603,0.0455573,
0.356989,0.543321,0.0996904,
0.0219217,0.864007,0.114071,
0.0341042,0.952792,0.0131039,
0.0247335,0.662485,0.312782,
0.00868665,0.974169,0.0171444,
0.247486,0.370559,0.381955,
0.102758,0.816841,0.0804004,
0.339326,0.611344,0.0493296,
0.0400373,0.910055,0.0499076,
0.0577742,0.896775,0.0454506,
0.190725,0.671111,0.138163,
0.053934,0.789005,0.157061,
0.134322,0.716492,0.149186,
0.0880383,0.798082,0.11388,
0.049265,0.870275,0.0804605,
0.0387668,0.796574,0.164659,
0.0207106,0.95025,0.0290389,
0.0181643,0.8697,0.112135,
0.0084863,0.866527,0.124987,
0.122441,0.824095,0.0534647,
0.0634955,0.656276,0.280228,
0.0157158,0.624911,0.359374,
0.0775052,0.837492,0.0850032,
0.0785115,0.886755,0.0347331,
0.0881389,0.911607,0.000253956,
0.0499257,0.863484,0.08659,
0.0551998,0.917623,0.0271776,
0.00626547,0.730793,0.262941,
0.218897,0.714659,0.0664437,
0.271137,0.625633,0.10323,
0.00313839,0.982638,0.0142235,
0.108766,0.840054,0.0511798,
0.042419,0.812739,0.144842,
0.090224,0.868375,0.0414011,
0.0357808,0.954983,0.00923616,
0.197754,0.60919,0.193056,
0.0671527,0.846011,0.0868364,
0.0800356,0.830903,0.0890618,
0.102986,0.878958,0.0180563,
0.142426,0.787415,0.0701597,
0.00377414,0.993535,0.00269095,
0.0270113,0.815434,0.157555,
0.0992509,0.880765,0.0199839,
0.194631,0.804743,0.000625194,
0.0496585,0.895777,0.0545647,
0.156657,0.770965,0.0723783,
0.0229097,0.925787,0.0513037,
0.0288428,0.928941,0.0422162,
0.22292,0.694295,0.0827848,
0.12452,0.830421,0.0450587,
0.0885058,0.660906,0.250588,
0.0592995,0.822333,0.118368,
0.025161,0.790667,0.184172,
0.0561512,0.921645,0.0222035,
0.0764709,0.904417,0.0191124,
0.0890412,0.839602,0.0713573,
0.096073,0.849803,0.0541241,
0.138783,0.84882,0.0123971,
0.0567377,0.93836,0.00490247,
0.168991,0.743554,0.0874547,
0.226278,0.745339,0.0283824,
0.0438715,0.945378,0.0107503,
0.0696557,0.88847,0.0418746,
0.00790141,0.540418,0.451681,
0.00677769,0.875251,0.117971,
0.0837113,0.869637,0.0466519,
0.0220883,0.902322,0.0755893,
0.0359773,0.894906,0.0691166,
0.0687837,0.618205,0.313011,
0.00332025,0.933287,0.0633931,
0.000635662,0.983311,0.0160537,
0.161889,0.814416,0.0236957,
0.108977,0.828694,0.0623296,
0.0461011,0.878364,0.0755344,
0.146845,0.752967,0.100188,
0.0390751,0.885507,0.0754178,
0.00518156,0.913746,0.0810725,
0.0253211,0.972783,0.00189606,
0.0281187,0.948491,0.0233907,
0.00357064,0.923813,0.0726163,
0.118635,0.868366,0.0129996,
0.212626,0.755781,0.031593,
0.204854,0.708641,0.0865046,
0.0580322,0.928483,0.0134846,
0.0693075,0.809154,0.121538,
0.155525,0.815626,0.0288496,
0.100884,0.85855,0.0405654,
0.100047,0.838601,0.0613518,
0.213043,0.760401,0.0265562,
0.0440969,0.89144,0.064463,
0.230686,0.568485,0.200829,
0.0592042,0.919678,0.0211181,
0.141017,0.814329,0.0446537,
0.0133513,0.943972,0.0426768,
0.00295181,0.983072,0.0139758,
0.0684169,0.840236,0.0913467,
0.169291,0.798977,0.0317324,
0.0378843,0.897663,0.0644531,
0.00855546,0.96547,0.0259743,
0.143792,0.615977,0.24023,
0.0897899,0.89679,0.0134204,
0.0921709,0.905182,0.00264755,
0.0258569,0.966128,0.00801517,
0.0491439,0.882417,0.068439,
8.74519e-05,0.818275,0.181637,
0.17755,0.738279,0.0841711,
0.0985911,0.831366,0.070043,
0.0329992,0.930825,0.0361754,
0.0961297,0.88436,0.0195098,
0.0710264,0.881773,0.0472004,
0.463777,0.523887,0.0123358,
0.258997,0.717183,0.0238201,
0.0490803,0.912753,0.0381669,
0.0875041,0.685296,0.2272,
0.0267581,0.754185,0.219057,
0.105997,0.805248,0.0887546,
0.0133288,0.96176,0.0249109,
0.0498421,0.741503,0.208655,
0.0512798,0.843242,0.105478,
0.0459466,0.857287,0.0967664,
0.0318171,0.890594,0.077589,
0.0859318,0.911372,0.00269657,
0.0233311,0.958152,0.0185174,
0.0555762,0.928865,0.0155592,
0.0147928,0.969829,0.015378,
0.0385417,0.959574,0.00188461,
0.189765,0.6003,0.209935,
0.02299,0.696537,0.280473,
0.00236773,0.967578,0.0300539,
0.158347,0.81714,0.0245123,
0.0447121,0.927616,0.0276718,
0.0390453,0.859119,0.101835,
0.193663,0.773461,0.0328761,
0.0351154,0.897072,0.0678121,
0.218436,0.781183,0.000381626,
0.00775511,0.990948,0.00129667,
0.00146174,0.924671,0.0738675,
0.126848,0.860666,0.012486,
0.113073,0.800944,0.0859831,
0.179289,0.784903,0.0358074,
0.292381,0.676661,0.0309584,
0.225058,0.74506,0.0298824,
0.133588,0.864202,0.00220981,
0.0253736,0.932132,0.0424947,
0.156575,0.76063,0.0827944,
0.144258,0.745948,0.109794,
0.0698206,0.929105,0.00107454,
0.137824,0.861668,0.000508227,
0.0464994,0.873521,0.0799791,
0.0212725,0.974091,0.00463605,
0.038907,0.944412,0.0166809,
0.23483,0.757447,0.00772337,
0.0456714,0.881171,0.0731573,
0.165921,0.799834,0.034245,
0.105222,0.802821,0.0919571,
0.0539951,0.850584,0.0954213,
0.0296703,0.90643,0.0639001,
0.103541,0.868944,0.0275151,
0.0756135,0.902906,0.0214809,
0.0250376,0.844545,0.130417,
0.284144,0.621955,0.0939015,
0.0382012,0.945679,0.0161193,
0.0219499,0.678503,0.299547,
0.0075035,0.88489,0.107606,
0.200453,0.763274,0.0362729,
0.000188168,0.831869,0.167943,
0.0565975,0.819776,0.123627,
0.10111,0.883641,0.0152493,
0.110377,0.640809,0.248814,
0.0396448,0.807444,0.152911,
0.0271588,0.879947,0.0928939,
0.19772,0.651059,0.151221,
0.20402,0.728013,0.0679666,
0.00841166,0.834698,0.156891,
0.0393314,0.852136,0.108533,
0.124857,0.861812,0.0133315,
0.0984604,0.90117,0.000369241,
0.0689081,0.906591,0.0245004,
0.101714,0.828485,0.069801,
0.0895174,0.794615,0.115868,
0.0991347,0.860687,0.0401778,
0.0436757,0.911587,0.0447378,
0.0428542,0.879415,0.0777311,
0.0273919,0.961684,0.0109236,
0.148916,0.849858,0.00122599,
0.197308,0.749749,0.0529438,
0.180481,0.751014,0.0685051,
0.0167632,0.88756,0.095677,
0.121932,0.738229,0.139838,
0.085396,0.784877,0.129727,
0.00826974,0.927628,0.0641019,
0.0175101,0.969711,0.0127793,
0.023951,0.883453,0.0925963,
0.0623069,0.672934,0.264759,
0.0566446,0.784248,0.159107,
0.141135,0.709352,0.149513,
0.000599748,0.745926,0.253474,
0.0639481,0.798168,0.137884,
0.00460681,0.873992,0.121401,
0.166338,0.82932,0.00434151,
0.0675237,0.881695,0.0507816,
0.0310155,0.958665,0.0103192,
0.0335177,0.960936,0.00554633,
0.0680422,0.831898,0.10006,
0.0153838,0.920196,0.0644204,
0.0348018,0.922785,0.0424131,
0.0065364,0.905956,0.087508,
0.014995,0.906441,0.0785637,
0.138966,0.836001,0.0250329,
0.00994795,0.881698,0.108354,
0.000674971,0.980854,0.0184712,
0.057976,0.909098,0.0329259,
0.193845,0.80115,0.00500453,
0.0763214,0.918161,0.0055179,
0.0932906,0.868398,0.0383111,
0.185495,0.690335,0.12417,
0.115264,0.875062,0.00967421,
0.0655041,0.899865,0.0346309,
0.171422,0.801342,0.0272367,
0.0406068,0.953493,0.0058998,
0.0611435,0.821327,0.117529,
0.0194438,0.972172,0.00838448,
0.0444717,0.862176,0.0933526,
0.189742,0.77472,0.0355385,
0.00588559,0.990998,0.00311658,
